[header.jpg]
moddate=f47d92a0e366cf01
width=980
height=170
text=1;160;31;cargo delivery agencies limited;Comic Sans MS;0.102625,0.262170,0.266667,0.000000;v1,4290725079,4290198228,128.000000,1.000000,0.500000,1.000000,700,2,49152;;
textactive=1
